Frame no.	Bubble_1	Bubble_2	Bubble_3	Bubble_4	Bubble_5	Bubble_6	Bubble_7	Bubble_8	Bubble_9	Bubble_10
Frame 0	(181, 132)	(253, 574)	(335, 578)	(439, 294)	(592, 90)	(618, 355)	(666, 288)	(694, 493)	(844, 297)	(1035, 646)
Frame 1	(181, 132)	(253, 574)	(335, 578)	(439, 294)	(593, 90)	(618, 355)	(666, 288)	(694, 493)	(844, 297)	(1035, 646)
Frame 2	(181, 132)	(253, 574)	(335, 578)	(439, 294)	(593, 90)	(618, 355)	(666, 288)	(694, 493)	(844, 297)	(1035, 646)
Frame 3	(182, 132)	(253, 574)	(334, 577)	(439, 294)	(593, 90)	(618, 355)	(666, 288)	(694, 493)	(845, 297)	(1035, 646)
Frame 4	(182, 132)	(254, 574)	(335, 577)	(439, 294)	(593, 90)	(618, 355)	(667, 288)	(694, 493)	(845, 297)	(1035, 646)
Frame 5	(182, 132)	(254, 574)	(336, 577)	(440, 293)	(592, 90)	(667, 288)	(694, 494)	(845, 297)	(1035, 645)	(1097, 135)
Frame 6	(183, 131)	(285, 578)	(442, 293)	(591, 90)	(667, 286)	(695, 495)	(847, 298)	(1035, 643)	(1097, 135)	(1108, 446)
Frame 7	(185, 131)	(288, 579)	(443, 292)	(590, 89)	(668, 287)	(696, 497)	(847, 301)	(1034, 642)	(1097, 136)	(1107, 447)
Frame 8	(187, 130)	(296, 580)	(446, 292)	(587, 89)	(671, 287)	(697, 499)	(850, 304)	(1034, 640)	(1098, 137)	(1106, 448)
Frame 9	(189, 130)	(305, 580)	(448, 291)	(584, 89)	(672, 285)	(698, 502)	(852, 304)	(1034, 637)	(1098, 139)	(1102, 450)
Frame 10	(191, 130)	(317, 581)	(451, 289)	(575, 89)	(675, 283)	(698, 505)	(858, 309)	(1033, 633)	(1098, 453)	(1099, 142)
Frame 11	(194, 130)	(324, 580)	(455, 289)	(571, 89)	(681, 281)	(701, 509)	(860, 313)	(1031, 628)	(1094, 457)	(1100, 145)
Frame 12	(199, 130)	(279, 584)	(343, 583)	(460, 288)	(565, 89)	(685, 278)	(706, 514)	(865, 319)	(1030, 623)	(1088, 461)
Frame 13	(205, 129)	(288, 588)	(362, 583)	(466, 279)	(562, 88)	(691, 269)	(712, 518)	(874, 322)	(1029, 616)	(1084, 467)
Frame 14	(210, 128)	(386, 590)	(473, 275)	(560, 87)	(699, 273)	(718, 525)	(880, 331)	(1027, 610)	(1078, 475)	(1105, 154)
Frame 15	(212, 128)	(403, 603)	(482, 272)	(555, 87)	(707, 269)	(727, 531)	(887, 337)	(1026, 601)	(1073, 483)	(1106, 159)
Frame 16	(216, 127)	(405, 610)	(491, 266)	(546, 85)	(715, 258)	(735, 541)	(896, 349)	(1023, 593)	(1070, 492)	(1107, 165)
Frame 17	(224, 126)	(413, 619)	(503, 262)	(539, 84)	(727, 244)	(745, 549)	(912, 357)	(1021, 581)	(1068, 503)	(1108, 170)
Frame 18	(238, 125)	(416, 631)	(517, 253)	(530, 84)	(739, 234)	(759, 557)	(923, 370)	(1011, 570)	(1072, 515)	(1110, 177)
Frame 19	(239, 126)	(426, 635)	(517, 80)	(528, 247)	(748, 229)	(777, 547)	(932, 383)	(1008, 556)	(1081, 527)	(1112, 185)
Frame 20	(258, 123)	(468, 636)	(506, 76)	(542, 243)	(763, 219)	(789, 536)	(932, 403)	(1008, 540)	(1091, 543)	(1115, 192)
Frame 21	(273, 127)	(494, 75)	(495, 645)	(557, 240)	(772, 207)	(806, 520)	(930, 427)	(1019, 523)	(1101, 558)	(1120, 200)
Frame 22	(286, 128)	(322, 130)	(479, 75)	(536, 645)	(575, 228)	(790, 194)	(834, 507)	(924, 445)	(1008, 506)	(1019, 506)
Frame 23	(302, 129)	(468, 71)	(574, 636)	(591, 211)	(807, 183)	(851, 489)	(884, 445)	(1125, 221)	(1128, 592)	
Frame 24	(278, 135)	(319, 133)	(462, 76)	(608, 626)	(827, 164)	(1131, 232)	(1141, 612)			
Frame 25	(284, 134)	(338, 135)	(458, 88)	(640, 608)	(849, 150)	(865, 489)	(878, 455)	(1137, 247)	(1164, 622)	
Frame 26	(363, 136)	(452, 96)	(671, 575)	(843, 528)	(869, 133)	(906, 429)	(1140, 258)	(1187, 620)		
Frame 27	(373, 133)	(445, 107)	(700, 194)	(727, 545)	(844, 560)	(881, 128)	(934, 447)	(1144, 273)	(1188, 622)	
Frame 28	(385, 122)	(443, 120)	(741, 181)	(797, 555)	(921, 141)	(1150, 287)	(1195, 594)			
Frame 29	(424, 120)	(764, 196)	(780, 514)	(871, 572)	(952, 164)	(1156, 306)	(1202, 565)			
Frame 30	(436, 147)	(766, 225)	(787, 546)	(864, 634)	(953, 561)	(986, 186)	(1011, 562)	(1164, 324)	(1209, 533)	
Frame 31	(427, 161)	(442, 113)	(753, 248)	(785, 580)	(924, 565)	(931, 640)	(1016, 529)	(1024, 204)	(1171, 340)	(1215, 498)
Frame 32	(411, 177)	(465, 128)	(740, 270)	(771, 617)	(929, 608)	(970, 611)	(1063, 226)	(1097, 484)	(1177, 356)	(1220, 462)
Frame 33	(400, 192)	(481, 142)	(713, 635)	(716, 292)	(983, 621)	(986, 572)	(1035, 572)	(1114, 245)	(1141, 442)	(1183, 346)
Frame 34	(383, 207)	(507, 152)	(683, 612)	(692, 315)	(1064, 606)	(1065, 525)	(1133, 395)	(1157, 260)	(1233, 391)	
Frame 35	(374, 224)	(535, 154)	(674, 569)	(694, 344)	(1043, 328)	(1093, 514)	(1093, 570)	(1187, 285)		
Frame 36	(359, 240)	(548, 172)	(680, 524)	(733, 352)	(1009, 275)	(1123, 530)	(1128, 565)	(1183, 312)		
Frame 37	(340, 259)	(562, 192)	(689, 478)	(785, 351)	(955, 196)	(1004, 339)	(1119, 611)	(1137, 333)	(1151, 485)	(1229, 256)
Frame 38	(318, 279)	(579, 211)	(698, 432)	(778, 379)	(899, 132)	(1055, 321)	(1081, 655)	(1165, 437)	(1207, 215)	
Frame 39	(303, 299)	(594, 236)	(779, 417)	(798, 100)	(970, 666)	(990, 331)	(1123, 223)	(1180, 392)		
Frame 40	(281, 318)	(606, 242)	(659, 104)	(832, 420)	(870, 670)	(973, 387)	(989, 252)	(1018, 252)	(1066, 249)	(1228, 342)
Frame 41	(265, 343)	(576, 161)	(659, 268)	(763, 665)	(893, 414)	(971, 246)	(991, 428)	(1062, 431)	(1261, 295)	
Frame 42	(280, 364)	(623, 240)	(663, 642)	(875, 206)	(949, 405)	(954, 274)	(1035, 468)	(1247, 242)		
Frame 43	(307, 384)	(325, 360)	(512, 288)	(576, 609)	(641, 310)	(846, 154)	(945, 304)	(993, 358)	(1065, 516)	(1115, 427)
Frame 44	(357, 334)	(505, 555)	(593, 317)	(843, 102)	(918, 333)	(1000, 548)	(1015, 322)	(1080, 547)	(1132, 489)	(1208, 130)
Frame 45	(207, 270)	(337, 444)	(475, 490)	(557, 333)	(842, 48)	(897, 366)	(921, 575)	(1020, 279)	(1131, 552)	(1190, 69)
Frame 46	(169, 168)	(367, 459)	(400, 443)	(513, 338)	(789, 88)	(836, 591)	(888, 401)	(1004, 239)	(1095, 49)	(1127, 615)
Frame 47	(161, 90)	(276, 424)	(384, 488)	(487, 364)	(748, 150)	(754, 608)	(938, 421)	(979, 51)	(1038, 228)	(1130, 678)
Frame 48	(105, 122)	(201, 424)	(412, 485)	(461, 384)	(651, 623)	(733, 216)	(888, 91)	(979, 446)	(1115, 260)	(1189, 630)
Frame 49	(112, 226)	(433, 399)	(447, 459)	(601, 588)	(662, 590)	(833, 255)	(836, 155)	(1023, 477)	(1176, 287)	(1187, 561)
Frame 50	(136, 337)	(430, 435)	(486, 436)	(578, 530)	(829, 92)	(923, 306)	(1059, 505)	(1086, 311)	(1166, 491)	
Frame 51	(84, 312)	(273, 355)	(439, 467)	(526, 457)	(591, 470)	(740, 116)	(959, 375)	(1004, 337)	(1089, 540)	(1144, 541)
Frame 52	(87, 226)	(425, 279)	(470, 503)	(532, 408)	(729, 191)	(936, 369)	(994, 447)	(1082, 350)	(1111, 574)	(1155, 573)
Frame 53	(98, 142)	(485, 375)	(494, 531)	(609, 216)	(814, 248)	(862, 401)	(983, 520)	(1028, 279)	(1201, 608)	
Frame 54	(125, 55)	(420, 324)	(512, 337)	(536, 538)	(766, 407)	(795, 153)	(913, 585)	(931, 221)	(1106, 615)	(1168, 613)
Frame 55	(206, 66)	(381, 269)	(484, 293)	(587, 547)	(670, 415)	(793, 199)	(796, 627)	(1011, 129)	(1066, 594)	
Frame 56	(277, 228)	(347, 96)	(495, 266)	(570, 421)	(658, 577)	(1005, 568)	(1058, 425)	(1089, 233)	(1157, 235)	
Frame 57	(214, 303)	(302, 290)	(499, 429)	(500, 213)	(509, 91)	(558, 249)	(586, 550)	(720, 564)	(952, 536)	(975, 344)
Frame 58	(218, 371)	(287, 364)	(364, 248)	(399, 444)	(550, 471)	(613, 234)	(637, 41)	(775, 575)	(804, 429)	(916, 546)
Frame 59	(185, 435)	(223, 251)	(328, 402)	(557, 384)	(682, 212)	(687, 339)	(738, 336)	(762, 73)	(775, 587)	(838, 583)
Frame 60	(146, 503)	(149, 176)	(279, 350)	(447, 427)	(677, 552)	(703, 200)	(808, 503)	(870, 569)	(911, 98)	
Frame 61	(103, 92)	(152, 577)	(195, 311)	(307, 407)	(732, 253)	(766, 537)	(786, 94)	(875, 520)	(1056, 49)	
Frame 62	(25, 98)	(96, 323)	(193, 426)	(267, 615)	(541, 472)	(727, 294)	(757, 583)	(909, 473)	(953, 44)	(1067, 120)
Frame 63	(21, 187)	(55, 381)	(141, 510)	(374, 577)	(724, 334)	(751, 633)	(929, 444)	(1010, 217)	(1168, 59)	
Frame 64	(67, 444)	(87, 269)	(161, 601)	(433, 515)	(701, 635)	(714, 375)	(914, 301)	(951, 412)	(1195, 130)	
Frame 65	(114, 502)	(119, 361)	(214, 677)	(498, 453)	(632, 607)	(664, 612)	(717, 415)	(750, 281)	(975, 375)	(1049, 218)
Frame 66	(115, 455)	(165, 290)	(186, 550)	(580, 415)	(615, 201)	(658, 560)	(748, 448)	(797, 216)	(991, 339)	
Frame 67	(24, 303)	(84, 547)	(235, 572)	(283, 571)	(534, 173)	(645, 484)	(793, 495)	(962, 303)		
Frame 68	(69, 640)	(230, 158)	(292, 155)	(324, 512)	(547, 678)	(649, 456)	(746, 548)	(839, 496)	(933, 267)	
Frame 69	(13, 486)	(131, 241)	(157, 581)	(307, 287)	(377, 455)	(602, 603)	(654, 409)	(840, 602)	(905, 231)	
Frame 70	(34, 579)	(104, 373)	(164, 477)	(297, 392)	(399, 417)	(622, 354)	(662, 352)	(715, 591)	(877, 196)	(959, 578)
Frame 71	(72, 674)	(93, 479)	(229, 330)	(295, 498)	(501, 400)	(710, 302)	(818, 655)	(847, 156)	(961, 591)	(1075, 579)
Frame 72	(51, 571)	(128, 629)	(236, 183)	(327, 182)	(404, 561)	(540, 463)	(726, 251)	(885, 140)	(945, 688)	(988, 551)
Frame 73	(106, 658)	(157, 532)	(382, 76)	(559, 527)	(757, 203)	(955, 131)	(1008, 511)	(1039, 629)	(1177, 610)	
Frame 74	(287, 26)	(289, 643)	(611, 585)	(681, 411)	(787, 154)	(1022, 128)	(1029, 469)	(1190, 536)		
Frame 75	(125, 81)	(172, 338)	(444, 621)	(711, 162)	(720, 583)	(832, 356)	(1047, 429)	(1064, 161)	(1192, 458)	
Frame 76	(131, 191)	(587, 169)	(596, 624)	(833, 567)	(956, 432)	(1070, 387)	(1105, 196)	(1192, 376)		
Frame 77	(51, 498)	(403, 186)	(518, 179)	(701, 553)	(862, 623)	(958, 523)	(1083, 345)	(1139, 235)	(1192, 296)	
Frame 78	(28, 469)	(450, 208)	(609, 465)	(618, 231)	(798, 586)	(834, 626)	(1085, 312)	(1147, 229)		
Frame 79	(30, 376)	(436, 258)	(685, 670)	(764, 346)	(774, 518)	(1070, 158)	(1101, 233)	(1208, 296)		
Frame 80	(55, 276)	(419, 312)	(503, 655)	(736, 475)	(765, 447)	(971, 264)	(1018, 94)	(1109, 215)	(1201, 336)	
Frame 81	(77, 243)	(326, 615)	(407, 363)	(671, 568)	(679, 560)	(751, 384)	(899, 82)	(963, 234)	(965, 410)	(1114, 173)
Frame 82	(84, 341)	(292, 512)	(392, 415)	(522, 605)	(742, 319)	(770, 97)	(894, 551)	(949, 517)	(980, 139)	(1122, 129)
Frame 83	(112, 441)	(331, 461)	(387, 547)	(634, 107)	(638, 577)	(733, 252)	(927, 55)	(1071, 104)	(1168, 456)	
Frame 84	(246, 456)	(309, 301)	(314, 462)	(380, 572)	(492, 106)	(717, 186)	(847, 126)	(1006, 85)	(1161, 495)	
Frame 85	(178, 487)	(239, 486)	(360, 95)	(374, 397)	(737, 125)	(942, 77)	(1146, 534)			
Frame 86	(155, 533)	(269, 328)	(278, 274)	(330, 131)	(360, 441)	(533, 452)	(736, 93)	(789, 83)	(880, 55)	(1131, 561)
Frame 87	(148, 583)	(353, 206)	(563, 516)	(629, 109)	(702, 424)	(873, 84)	(1085, 538)			
Frame 88	(158, 615)	(173, 163)	(441, 243)	(527, 139)	(581, 199)	(788, 587)	(849, 371)	(865, 120)	(1025, 513)	
Frame 89	(30, 140)	(252, 610)	(446, 181)	(529, 185)	(541, 287)	(860, 161)	(977, 490)	(993, 313)	(1032, 587)	
Frame 90	(66, 62)	(337, 605)	(380, 231)	(502, 375)	(638, 138)	(699, 284)	(854, 200)	(924, 462)	(1135, 281)	(1159, 509)
Frame 91	(217, 42)	(329, 287)	(414, 421)	(423, 609)	(757, 156)	(849, 242)	(865, 448)	(1148, 376)	(1197, 373)	
Frame 92	(280, 118)	(342, 343)	(414, 284)	(502, 625)	(805, 229)	(818, 426)	(963, 204)	(1130, 240)	(1175, 238)	(1248, 447)
Frame 93	(275, 275)	(286, 206)	(504, 588)	(517, 272)	(799, 393)	(821, 327)	(885, 278)	(1068, 128)	(1213, 534)	
Frame 94	(267, 186)	(285, 271)	(506, 544)	(619, 257)	(791, 348)	(876, 204)	(1006, 244)	(1178, 466)		
Frame 95	(184, 208)	(509, 497)	(730, 383)	(755, 306)	(1020, 67)	(1053, 233)	(1115, 375)			
Frame 96	(198, 221)	(375, 113)	(506, 455)	(612, 414)	(755, 291)	(816, 230)	(886, 83)	(1030, 304)		
Frame 97	(275, 150)	(391, 33)	(471, 509)	(535, 405)	(630, 409)	(737, 260)	(795, 146)	(913, 221)	(1020, 201)	(1024, 369)
Frame 98	(274, 547)	(343, 83)	(515, 372)	(664, 439)	(722, 227)	(868, 163)	(927, 143)	(1010, 215)	(1012, 437)	
Frame 99	(109, 549)	(424, 37)	(469, 339)	(591, 502)	(712, 195)	(849, 151)	(998, 140)	(999, 499)	(1092, 215)	
Frame 100	(130, 431)	(427, 306)	(511, 18)	(582, 504)	(715, 163)	(837, 235)	(971, 564)	(1196, 229)		
Frame 101	(139, 312)	(378, 275)	(522, 77)	(578, 537)	(634, 10)	(686, 134)	(829, 319)	(946, 609)	(1186, 216)	(1203, 277)
Frame 102	(94, 214)	(327, 248)	(578, 566)	(599, 109)	(666, 115)	(703, 41)	(831, 399)	(904, 640)	(1185, 327)	(1208, 288)
Frame 103	(71, 182)	(276, 226)	(560, 601)	(633, 135)	(730, 95)	(817, 643)	(857, 479)	(1173, 374)	(1225, 358)	
Frame 104	(155, 120)	(201, 210)	(231, 231)	(550, 628)	(596, 157)	(757, 161)	(767, 620)	(795, 28)	(1157, 418)	(1248, 426)
Frame 105	(180, 254)	(340, 120)	(506, 613)	(568, 177)	(715, 585)	(780, 228)	(838, 571)	(870, 20)	(1127, 462)	(1231, 494)
Frame 106	(187, 288)	(462, 600)	(512, 143)	(618, 549)	(671, 538)	(781, 507)	(795, 289)	(906, 69)	(1078, 507)	(1213, 558)
Frame 107	(200, 324)	(418, 586)	(508, 218)	(647, 486)	(652, 184)	(743, 438)	(786, 357)	(931, 131)	(1020, 534)	(1210, 621)
Frame 108	(214, 353)	(374, 571)	(478, 237)	(632, 435)	(719, 358)	(763, 413)	(784, 129)	(941, 192)	(955, 546)	(1135, 659)
Frame 109	(267, 345)	(336, 563)	(457, 259)	(621, 389)	(696, 460)	(885, 527)	(897, 88)	(960, 250)		
Frame 110	(294, 548)	(301, 325)	(435, 276)	(608, 337)	(612, 489)	(827, 519)	(1009, 76)	(1028, 575)	(1037, 263)	
Frame 111	(271, 533)	(323, 296)	(412, 298)	(518, 492)	(579, 303)	(604, 192)	(780, 489)	(980, 123)	(1059, 123)	(1146, 259)
Frame 112	(246, 513)	(340, 270)	(394, 319)	(449, 455)	(555, 255)	(736, 459)	(932, 200)	(1187, 307)		
Frame 113	(207, 488)	(334, 255)	(374, 335)	(394, 416)	(437, 193)	(521, 216)	(701, 433)	(927, 285)	(1111, 421)	(1227, 353)
Frame 114	(182, 475)	(340, 234)	(341, 377)	(375, 145)	(470, 188)	(679, 405)	(1050, 311)	(1153, 386)	(1231, 402)	
Frame 115	(159, 462)	(291, 341)	(334, 95)	(336, 370)	(376, 259)	(406, 196)	(636, 381)	(1076, 375)	(1175, 428)	(1215, 449)
Frame 116	(133, 450)	(230, 325)	(271, 80)	(319, 383)	(353, 224)	(422, 176)	(603, 350)	(1038, 446)	(1156, 477)	(1197, 493)
Frame 117	(111, 441)	(253, 127)	(304, 404)	(315, 251)	(435, 197)	(582, 325)	(991, 505)	(1132, 512)	(1184, 531)	
Frame 118	(94, 419)	(251, 180)	(296, 412)	(299, 288)	(469, 208)	(555, 303)	(933, 561)	(1100, 551)	(1172, 576)	
Frame 119	(99, 403)	(138, 443)	(296, 304)	(302, 433)	(496, 235)	(527, 283)	(858, 604)	(1050, 576)	(1134, 607)	
Frame 120	(117, 394)	(144, 469)	(269, 330)	(306, 452)	(505, 239)	(815, 573)	(978, 562)	(1072, 618)		
Frame 121	(126, 388)	(158, 508)	(215, 362)	(310, 470)	(467, 244)	(515, 256)	(826, 519)	(1033, 629)		
Frame 122	(162, 537)	(213, 538)	(221, 390)	(321, 494)	(438, 225)	(503, 279)	(850, 467)	(950, 626)		
Frame 123	(228, 418)	(248, 546)	(329, 498)	(413, 213)	(502, 295)	(867, 414)	(901, 617)			
Frame 124	(197, 348)	(239, 444)	(288, 560)	(317, 496)	(391, 191)	(502, 311)	(856, 604)	(880, 378)	(1037, 446)	
Frame 125	(222, 352)	(247, 434)	(313, 413)	(333, 492)	(335, 552)	(370, 501)	(372, 179)	(499, 326)	(828, 580)	(916, 339)
Frame 126	(227, 346)	(354, 441)	(358, 162)	(381, 545)	(497, 339)	(788, 570)	(949, 300)			
Frame 127	(239, 342)	(298, 500)	(346, 149)	(400, 426)	(421, 534)	(486, 352)	(747, 576)	(975, 267)	(1136, 429)	
Frame 128	(258, 333)	(314, 512)	(332, 135)	(436, 418)	(458, 532)	(469, 358)	(719, 591)	(997, 235)		
Frame 129	(275, 326)	(322, 120)	(346, 512)	(469, 360)	(470, 402)	(491, 532)	(703, 610)	(1025, 206)	(1161, 474)	
Frame 130	(285, 321)	(327, 121)	(366, 511)	(491, 392)	(522, 538)	(697, 627)	(1056, 179)	(1173, 485)		
Frame 131	(294, 318)	(333, 129)	(345, 579)	(388, 502)	(521, 389)	(547, 550)	(689, 643)	(1091, 160)	(1177, 502)	
Frame 132	(306, 314)	(328, 117)	(351, 576)	(414, 494)	(518, 376)	(546, 400)	(560, 564)	(674, 651)	(1121, 145)	(1178, 518)
Frame 133	(314, 312)	(335, 109)	(353, 576)	(434, 493)	(538, 383)	(563, 414)	(565, 577)	(610, 657)	(1157, 142)	(1180, 533)
Frame 134	(321, 308)	(342, 99)	(355, 581)	(450, 491)	(553, 375)	(573, 590)	(576, 426)	(600, 662)	(1178, 145)	(1182, 546)
Frame 135	(330, 304)	(349, 94)	(359, 586)	(473, 490)	(564, 377)	(576, 601)	(586, 437)	(589, 667)	(1187, 559)	(1194, 149)
Frame 136	(337, 302)	(354, 87)	(362, 590)	(487, 488)	(568, 369)	(571, 671)	(579, 610)	(597, 447)	(1198, 566)	(1200, 158)
Frame 137	(341, 298)	(360, 80)	(363, 595)	(501, 488)	(555, 674)	(573, 369)	(585, 618)	(603, 456)	(1191, 169)	(1214, 565)
Frame 138	(346, 296)	(363, 78)	(364, 598)	(514, 485)	(541, 675)	(574, 370)	(600, 623)	(1188, 183)	(1228, 565)	
Frame 139	(349, 294)	(365, 601)	(367, 72)	(522, 483)	(529, 675)	(580, 369)	(609, 628)	(1185, 192)	(1240, 564)	
Frame 140	(353, 293)	(366, 602)	(370, 70)	(519, 674)	(526, 481)	(588, 375)	(616, 630)	(1179, 200)	(1247, 568)	
Frame 141	(206, 546)	(356, 291)	(367, 604)	(373, 65)	(510, 674)	(530, 477)	(596, 373)	(615, 635)	(667, 482)	(1176, 206)
Frame 142	(360, 290)	(368, 606)	(377, 64)	(504, 672)	(537, 478)	(598, 367)	(617, 637)	(666, 486)	(1173, 214)	(1247, 578)
